NºBorough,Borough,NºNeighbourhood,Neighbourhood,latitude,longitude,Population,RFD,0-14years,15-29years,30-44years,45-59years,60-74years,75-89years,>=90years,can work population,unemployement rate,Venue count,Cluster Labels
1,Ciutat Vella,1,El Raval,0.9979576984483002,0.9794438849682896,0.8159808381582575,0.28617363344051444,0.7784127808806338,1.0,1.0,0.721364679806855,0.4265053407694489,0.4013858374176103,0.3965681601525262,0.9438815276695246,0.8430232558139535,0.6666666666666666,0
1,Ciutat Vella,2,Barrio Gótico,0.9980512032066218,0.9833032240054944,0.3210125448028674,0.4264469453376205,0.18508897259384333,0.4567520708919283,0.4221260815822003,0.26771154911739103,0.1728896871159845,0.15463917525773194,0.1801715919923737,0.4658612626656274,0.4593023255813954,1.0,0
1,Ciutat Vella,3,La Barceloneta,0.997985088341268,0.9891822782345808,0.256013923352633,0.31993569131832794,0.1488505000649435,0.30244654209208244,0.3092295014421096,0.21958363017493865,0.16901408450704225,0.22139597769139768,0.1868446139180172,0.2947778643803585,0.75,0.08333333333333333,0
1,Ciutat Vella,4,"Sant Pere, Santa Caterina i la Ribera",0.9981700334264256,0.9835285301596544,0.3892679900744417,0.3995176848874598,0.27484088842706844,0.4813138123675592,0.4905232797692625,0.33436238423177395,0.227431704319879,0.2464086530336319,0.23450905624404195,0.4628994544037413,0.6569767441860466,0.5,0
2,Eixample,5,El Fort Pienc,0.9983533891887459,0.9857480758298848,0.5574338296112491,0.4280546623794212,0.4813612157423042,0.5254286264688884,0.5512978986402967,0.5017018918704979,0.4937139616220815,0.5152949129626501,0.5243088655862727,0.5838919199792154,0.4302325581395349,0.08333333333333333,0
2,Eixample,6,Sagrada Familia,0.998535577679058,0.982173275252574,0.8854597463468431,0.4091639871382636,0.6873619950642941,0.8113080331342708,0.861488806482626,0.8224491411382886,0.8098118914831269,0.8673314179482846,0.9876072449952336,0.9095349441413354,0.43604651162790703,0.3333333333333333,0
2,Eixample,7,La Derecha del Ensanche,0.9983204788709296,0.9792768476471022,0.7498449131513648,0.7069935691318328,0.6606052734121315,0.7150837988826816,0.7014833127317676,0.6993588221325101,0.6513848189810001,0.6890316038533041,0.9408960915157292,0.7673421667965705,0.36627906976744173,0.8333333333333334,0
2,Eixample,8,L'Antiga Esquerra de l'Eixample,0.9982105044833858,0.9734056981046592,0.730510752688172,0.5514469453376205,0.5920249383036758,0.7254864188017723,0.7181705809641533,0.6665875089052482,0.6140466962850931,0.6795673483184046,0.8646329837940896,0.7663029358274877,0.38372093023255816,0.8333333333333334,1
2,Eixample,9,La Nova Esquerra de l'Eixample,0.9980510657386372,0.970695519826874,1.0,0.4429260450160772,0.7933497856864528,0.9252552494702371,0.9551572586183216,0.8840338795218872,0.9712638245580868,1.0,1.0,1.0,0.4302325581395349,0.3333333333333333,0
2,Eixample,10,Sant Antoni,0.9979310248358828,0.976462643693088,0.6588778604907637,0.4188102893890675,0.517859462267827,0.5800423810441148,0.6673533855239665,0.6170347502572627,0.5554400226864543,0.6849754943383471,0.7483317445185891,0.6787477266822551,0.4767441860465116,0.25,0
3,Sants-Montjuïc,11,Poble Sec,0.9977213355135274,0.9749125572271083,0.689188723462917,0.3303858520900321,0.5934536952851021,0.6518975149296861,0.8095728608707595,0.6498060634845246,0.4780224974005105,0.5313503464593544,0.4375595805529076,0.7469992205767731,0.6279069767441862,0.0,0
3,Sants-Montjuïc,12,La Marina del Prat Vermell,0.9973384727065758,0.9676774652967316,0.020609318996415767,0.1607717041800643,0.01987271074165476,0.018686187632440763,0.019983518747424805,0.020818491253067364,0.016731260043482372,0.01723846543856684,0.015252621544327931,0.02195375422187581,0.988372093023256,0.0,0
3,Sants-Montjuïc,13,La Marina de Port,0.9974941371110501,0.965539044296283,0.5334642955610698,0.2785369774919614,0.534484998051695,0.5027932960893855,0.4331135832989974,0.5787223937307053,0.4476793647792797,0.4990704749028224,0.30123927550047663,0.5388932190179268,0.6395348837209303,0.0,0
3,Sants-Montjuïc,14,La Font de la Guatlla,0.9977470299680206,0.968742204002798,0.17688516680452165,0.3331993569131833,0.1317054162878296,0.16152957041032556,0.16515588518060706,0.1720098155624159,0.16816334247093298,0.17458171370627007,0.1754051477597712,0.17843595739153026,0.6569767441860466,0.16666666666666666,0
3,Sants-Montjuïc,15,Hostafrancs,0.9978508617072076,0.9679552585702048,0.2759511993382961,0.3979099678456591,0.2350954669437589,0.2542862646888846,0.29865403103969235,0.24831789756985675,0.24473012572076755,0.2171708636133176,0.19447092469018112,0.2908028059236165,0.4825581395348838,0.0,0
3,Sants-Montjuïc,16,La Bordeta,0.997707460893976,0.9654437815298188,0.3333677970774745,0.317524115755627,0.2953630341602805,0.27518782508187245,0.30984754841367945,0.3213013535977203,0.32564514604404954,0.3224607064390739,0.2774070543374643,0.3307872174590803,0.5,0.0,0
3,Sants-Montjuïc,17,Sants-Badal,0.9978599852402796,0.9610787232259796,0.41894127377998347,0.3255627009646302,0.3497856864527861,0.3653438643806589,0.3988463123197363,0.3938890208184913,0.4130825219775026,0.3939496366401893,0.32507149666348906,0.4296700441673162,0.3953488372093023,0.08333333333333333,0
3,Sants-Montjuïc,18,Sants,0.997856676361777,0.9643318857217196,0.7238247863247863,0.3979099678456591,0.6243668008832316,0.6456366788672703,0.7341711303392391,0.6760072825140505,0.619907363644957,0.6859895217170864,0.6167778836987607,0.7723304754481684,0.4302325581395349,0.16666666666666666,0
4,Les Corts,19,Les Corts,0.9980958031265524,0.9634063146702176,0.7973876481940998,0.4823151125401929,0.7259384335628004,0.6585436332113273,0.6648811976376872,0.7063247051373387,0.8761697702996503,0.8747676187257056,0.7607244995233555,0.7387373343725643,0.4534883720930233,0.08333333333333333,0
4,Les Corts,20,La Maternitat i Sant Ramon,0.998019414338152,0.9600730212367312,0.41073890267438656,0.4590032154340836,0.3740745551370308,0.34270853400115586,0.3404752094492515,0.3591387635557666,0.4502315908876075,0.4657765759675511,0.3660629170638704,0.37731878409976616,0.4476744186046512,0.16666666666666666,0
4,Les Corts,21,Pedralbes,0.99821388330174,0.9540812235912888,0.20443893024538184,1.0,0.2402909468762177,0.1942785590445001,0.14105205328938333,0.18689147470909526,0.18725777483694112,0.2303532195369275,0.226882745471878,0.1819173811379579,0.22093023255813954,0.0,0
5,Sarrià-Sant Gervasi,22,"Vallvidrera, el Tibidabo i les Planes",0.9988150597382802,0.9519421702159084,0.08095533498759305,0.5791800643086816,0.10897519158332253,0.07329994220766711,0.06201071281417388,0.0938811050423494,0.06493997542300785,0.04647625485888119,0.044804575786463297,0.08041049623278773,0.2325581395348837,0.0,0
5,Sarrià-Sant Gervasi,23,Sarrià,0.998436554907607,0.9582795155917686,0.4290908464295561,0.7781350482315113,0.5733212105468243,0.3930841841649008,0.3141052053289383,0.4096414153407741,0.3436997825881463,0.4142301842149738,0.5433746425166825,0.3914523252792933,0.2325581395348837,0.0,0
5,Sarrià-Sant Gervasi,24,Las Tres Torres,0.998418780538392,0.9621593616446084,0.2858939895230218,0.8673633440514471,0.3690089622028835,0.2879984588711231,0.1902897953577805,0.2827515237869073,0.23754608186028925,0.2690552644921413,0.2974261201143947,0.2600675500129904,0.2790697674418605,0.3333333333333333,0
5,Sarrià-Sant Gervasi,25,Sant Gervasi-Bonanova,0.9985959671234462,0.9636511341079778,0.4466328921974083,0.7419614147909968,0.5333160150668919,0.4399922943556155,0.31678340887240763,0.4254729676244756,0.3869930995368182,0.4416089234409329,0.5243088655862727,0.4162120031176929,0.2732558139534884,0.0,0
5,Sarrià-Sant Gervasi,26,Sant Gervasi-Galvany,0.9983987837700956,0.9681594202210057,0.8200303280948442,0.7721061093247588,0.8975191583322509,0.8046619148526295,0.5972393901936547,0.8161165202248081,0.6938273938935627,0.8451918201791448,0.9304099142040038,0.7780462457781242,0.2732558139534884,0.25,0
5,Sarrià-Sant Gervasi,27,El Putxet i Farró,0.9986281430728196,0.9681769890187476,0.5094258340226082,0.5811897106109324,0.5357838680348097,0.4817954151415912,0.4370965526713364,0.4840497110741708,0.4473957841005766,0.4568193341220213,0.4957102001906578,0.5071187321382177,0.37209302325581395,0.0,0
6,Gràcia,28,Vallcarca i els Penitents,0.9988261126465724,0.9676434525593456,0.27534808381582576,0.4521704180064309,0.2847123002987401,0.22654594490464264,0.24481527262738634,0.2641494498535581,0.24652613668588716,0.2763224607064391,0.2764537654909437,0.2643283969862302,0.4651162790697674,0.0,0
6,Gràcia,29,El Coll,0.9989019443278779,0.9702600845169096,0.12853253377446927,0.3496784565916399,0.12261332640602675,0.11519938354844925,0.119283065512979,0.13021451753344415,0.11069099158710652,0.11526111205002534,0.08007626310772165,0.1309431021044427,0.3895348837209303,0.0,0
6,Gràcia,30,La Salut,0.9987378509654112,0.9729365662447744,0.2299937965260546,0.4417202572347267,0.2222366541109235,0.1896551724137931,0.21157807993407501,0.19615293279506052,0.23064561867851405,0.24150752070305895,0.2278360343183985,0.2159781761496493,0.4825581395348838,0.08333333333333333,0
6,Gràcia,31,Vila de Gràcia,0.9985283280516688,0.9743841628022158,0.8633512544802867,0.4196141479099679,0.7569814261592415,0.7658447312656521,0.992583436341162,0.7687801788965408,0.6484544853010682,0.7356768632753085,0.899904671115348,0.9130683294362172,0.43604651162790703,0.75,0
6,Gràcia,32,Camp d'en Grassot i Gràcia Nova,0.9985623477602364,0.9787269524745396,0.6015818858560794,0.42483922829582,0.5235744901935316,0.5093430938162203,0.5784919653893696,0.5380353043615926,0.5836090367709613,0.6068953861754267,0.5776930409914204,0.5926994024421928,0.4302325581395349,0.25,0
7,Horta - Guinardó,33,Baix Guinardó,0.9987275143376696,0.9795718957222772,0.4449786324786325,0.3697749196141479,0.36758020522145735,0.3680408399152379,0.4026919379206153,0.4165281405841843,0.41487853294262217,0.5154639175257731,0.5786463298379408,0.4327097947518836,0.4534883720930233,0.08333333333333333,0
7,Horta - Guinardó,34,Can Baró,0.9988397822700064,0.9767490643674116,0.15849875930521093,0.3348070739549839,0.14482400311728796,0.13513773839337315,0.14894932014833126,0.15245784849204466,0.14292466206635787,0.15818827108331926,0.1306005719733079,0.15814497272018707,0.4767441860465116,0.08333333333333333,0
7,Horta - Guinardó,35,El Guinardó,0.9988793585792084,0.9818215243713913,0.638389164598842,0.31792604501607713,0.5943629042732822,0.5316894625313042,0.599848921851394,0.6237631599778358,0.5579922487947822,0.6506675680243367,0.555767397521449,0.6348921797869577,0.4883720930232559,0.0,0
7,Horta - Guinardó,36,La Font d'en Fargues,0.9990736104880836,0.9783360544276072,0.16337537910118555,0.3717845659163987,0.17287959475256526,0.12868426122134466,0.1242274412855377,0.16892266286709412,0.16787976179222988,0.15937130302518168,0.14489990467111535,0.15183164458300855,0.622093023255814,0.0,0
7,Horta - Guinardó,37,El Carmelo,0.9989827369152184,0.9738451986820402,0.5521781086297215,0.21784565916398715,0.536952851019613,0.4704295896744365,0.5081032825161379,0.5398559328742183,0.4809528310804424,0.569038364035829,0.3355576739752145,0.5436477007014809,0.5930232558139534,0.0,0
7,Horta - Guinardó,38,La Teixonera,0.9990105440355777,0.969326789457316,0.2022160187482768,0.2962218649517685,0.18391998960904013,0.18146792525524946,0.1815684658700728,0.20921396342911425,0.17468569808110407,0.19452425215480815,0.14204003813155386,0.2053520394907768,0.494186046511628,0.0,0
7,Horta - Guinardó,39,Sant Genís dels Agudells,0.9990897376532044,0.9654967203455116,0.12477598566308246,0.3380225080385852,0.11378101052084688,0.11308033134270852,0.10177173465183352,0.12016148183329375,0.09868607618867567,0.17407470001690045,0.111534795042898,0.12164198493115096,0.5116279069767442,0.0,0
7,Horta - Guinardó,40,Montbau,0.999207557362737,0.9670128392437428,0.08803763440860216,0.32073954983922826,0.0754643460189635,0.07233673665960316,0.06784782310122238,0.09198131876830523,0.053596748274884205,0.14534392428595572,0.19065776930409914,0.0836840737853988,0.5406976744186047,0.0,1
7,Horta - Guinardó,41,La Vall d'Hebrón,0.999194558197192,0.9711246313875233,0.09984146677695063,0.38504823151125395,0.09066112482140537,0.07667116162589098,0.07526438676006042,0.10219266999129263,0.10293978636922203,0.12185229001183033,0.09818875119161108,0.09199792153806184,0.5232558139534884,0.0,0
7,Horta - Guinardó,42,La Clota,0.9991235186015888,0.9722342687137248,0.011769368624207334,0.3758038585209003,0.014807117807507469,0.008668849932575613,0.015176486746326052,0.012348610781287106,0.004064656394744305,0.008450228156160216,0.008579599618684463,0.01291244479085477,0.2616279069767442,0.08333333333333333,0
7,Horta - Guinardó,43,Horta,0.9992480404782922,0.9752523684135044,0.471119382409705,0.32073954983922826,0.4465515001948305,0.3835484492390676,0.3894382639747288,0.4720968890999762,0.42886851309197466,0.5528139259760013,0.4547187797902765,0.4617043387892959,0.5988372093023256,0.08333333333333333,0
8,Nou Barris,44,Vilapicina i La Torre Llobeta,0.9991756406731591,0.9829226698056552,0.444668458781362,0.25643086816720256,0.4005715027925705,0.3638027355037565,0.3725449800851531,0.4369508430301591,0.4300973626996881,0.5034645935440257,0.44804575786463297,0.42608469732398013,0.6046511627906977,0.0,0
8,Nou Barris,45,Porta,0.9992520825193782,0.9829064990752644,0.4557140887786049,0.2588424437299036,0.4209637615274711,0.3751685609709112,0.4171817058096415,0.4476371408216576,0.3784856791757255,0.5403075883048842,0.3612964728312679,0.4666926474408937,0.5348837209302325,0.0,0
8,Nou Barris,46,Turó de la Peira,0.9992322823061824,0.9797602079429454,0.27071271022883925,0.20860128617363344,0.2835433173139369,0.2434983625505683,0.2336217552533993,0.27760626929470433,0.17203894507987522,0.3239817475071827,0.336510962821735,0.2741491296440634,0.5930232558139534,0.0,0
8,Nou Barris,47,Can Peguera,0.9992923244630308,0.9782771532197032,0.03942652329749104,0.2069935691318328,0.04169372645798156,0.03506068194952803,0.030490317264112075,0.040845404891949655,0.032328197372152374,0.043941186412033116,0.039084842707340334,0.03665887243439855,0.6104651162790697,0.0,0
8,Nou Barris,48,La Guineueta,0.9994236618576992,0.9803628612526488,0.26469878687620624,0.21623794212218647,0.2483439407715288,0.19822770179156232,0.19756901524515866,0.26343703000079155,0.2598544285849324,0.368091938482339,0.2469018112488084,0.23517796830345544,0.7674418604651163,0.0,0
8,Nou Barris,49,Canyelles,0.9994961436612788,0.9781909695504696,0.11853804797353185,0.20980707395498396,0.10040264969476556,0.08890387208630322,0.08480977887652795,0.11414549196548722,0.15341714717837224,0.1363866824404259,0.07244995233555768,0.10605352039490776,0.8255813953488372,0.0,0
8,Nou Barris,50,Les Roquetes,0.9996044394923812,0.9830138673047027,0.2783981251723187,0.1997588424437299,0.31471619690868946,0.27595838952032364,0.2646614476033512,0.26066650835114386,0.21693921920786466,0.22038195031265845,0.11630123927550047,0.2835801506884905,0.6686046511627908,0.0,0
8,Nou Barris,51,Verdún,0.9995138070914188,0.982819095825806,0.2159325889164599,0.20618971061093244,0.21496298220548124,0.19032941629743788,0.196195577530559,0.21428006015989867,0.1707155685792608,0.23271928342065235,0.14585319351763584,0.21579631073005973,0.6744186046511628,0.0,0
8,Nou Barris,52,La Prosperitat,0.9994726414593796,0.984444299399718,0.4615556934105321,0.22508038585209006,0.43577087933497854,0.3929878636100944,0.3956874055761571,0.4396422069183884,0.4074109084034408,0.5724184552982929,0.32125834127740704,0.43665887243439855,0.6395348837209303,0.0,0
8,Nou Barris,53,La Trinitat Nova,0.9996378803883832,0.985794374708797,0.13080714088778606,0.1937299035369775,0.1433952461358618,0.12704681178963592,0.11907704985578905,0.12878967782791104,0.1018999905473107,0.10461382457326347,0.10486177311725453,0.13497012210963888,0.9593023255813954,0.0,0
8,Nou Barris,54,Torre Baró,0.9998507338860994,0.9864987048735556,0.050213675213675216,0.18689710610932475,0.06767112612027536,0.052205740705066464,0.04491141326740832,0.053906435526003334,0.03242272426505341,0.026195707284096672,0.017159199237368927,0.051571836840737864,0.6976744186046512,0.0,0
8,Nou Barris,55,Ciudad Meridiana,0.9999153486622196,0.9820425845795824,0.1860697546181417,0.15514469453376206,0.2339264839589557,0.19774609901753035,0.17257244883944514,0.16781445420723498,0.12609887512997447,0.15531519351022474,0.05529075309818875,0.18752922837100547,1.0,0.0,0
8,Nou Barris,56,Vallbona,1.0,0.9863797732167988,0.024210780259167355,0.16438906752411575,0.0327315235744902,0.019456752070891932,0.02430984754841368,0.0224016464814375,0.015975044900274127,0.020111543011661317,0.024785510009532892,0.02340867757859184,0.9302325581395348,0.0,0
9,Sant Andreu,57,La Trinitat Vella,0.9996617781122028,0.989822196495604,0.17722980424593324,0.18930868167202566,0.2280815690349396,0.18137160470044308,0.17133635489630544,0.17050581809546425,0.1177805085546838,0.11458509379753255,0.06959008579599618,0.18209924655754745,0.9534883720930232,0.0,0
9,Sant Andreu,58,Baró de Viver,0.9995640576690252,0.9930052557132252,0.0447511717673008,0.2769292604501608,0.05520197428237433,0.042573685224426894,0.03934899052327977,0.04559487057706008,0.03421873523017298,0.032110866993408815,0.027645376549094373,0.0455962587685113,0.4825581395348838,0.0,0
9,Sant Andreu,59,El Buen Pastor,0.999290334794835,0.9958104937220212,0.2254618141714916,0.26165594855305463,0.29406416417716585,0.20005779233288384,0.20292542233209726,0.23422781603736245,0.15710369600151244,0.17677877302687173,0.11534795042897998,0.2341906988828267,0.5348837209302325,0.0,0
9,Sant Andreu,60,San Andrés,0.9994109858625032,0.9895999167071876,0.99674317617866,0.3122990353697749,1.0,0.7581390868811404,0.8897129515176486,1.0,1.0,0.9043434172722664,0.7187797902764538,0.9668745128604832,0.5290697674418605,0.16666666666666666,0
9,Sant Andreu,61,La Sagrera,0.9990244572426336,0.9890262623050564,0.505807140887786,0.30988745980707394,0.4564229120665022,0.4047389712964747,0.4495948358741931,0.4708303649172802,0.5445694300028358,0.5002535068446848,0.4013346043851287,0.4816835541699143,0.5058139534883721,0.16666666666666666,0
9,Sant Andreu,62,Congrés i els Indians,0.9990252796388212,0.9850692213712354,0.24956920319823545,0.3018488745980707,0.2335368229640213,0.21055673280678094,0.22242823787941216,0.2591625108841922,0.19444181869741944,0.2715903329389894,0.3069590085795996,0.2504027020005196,0.4709302325581395,0.0,0
9,Sant Andreu,63,Navas,0.9988969520694962,0.9873432415945516,0.3821339950372208,0.32797427652733113,0.3295233147161969,0.3215180119437488,0.3326466144760335,0.3794031504789045,0.36960015124302864,0.4035828967382119,0.3489037178265014,0.3743050142894258,0.4883720930232559,0.08333333333333333,0
10,Sant Martí,64,El Camp de l'Arpa del Clot,0.9987110374732904,0.9859699039219216,0.6662358698649021,0.3283762057877814,0.5463047148980387,0.5561548834521287,0.6626150254085977,0.6145808596532889,0.6421211834766991,0.6457664356937637,0.6253574833174452,0.6680696284749286,0.5232558139534884,0.0,0
10,Sant Martí,65,El Clot,0.9986917027218662,0.9895869981907304,0.465967052660601,0.3360128617363344,0.4386283932978309,0.40791754960508575,0.4199285812388408,0.4758173038866461,0.44824652613668586,0.3743451073178976,0.32983794089609153,0.467887763055339,0.5116279069767442,0.16666666666666666,0
10,Sant Martí,66,El Parc i la Llacuna del Poblenou,0.9984693639332244,0.9898212479332066,0.2664219740832644,0.40353697749196143,0.2501623587478893,0.2340589481795415,0.2821041065787667,0.2353360246972216,0.2395311466112109,0.2185229001183032,0.18779790276453764,0.277604572616264,0.4244186046511628,0.0,1
10,Sant Martí,67,La Vila Olímpica del Poblenou,0.9982073258377108,0.9923073396370574,0.15958436724565755,0.6599678456591639,0.1772957526951552,0.1653823926025814,0.12010712814173875,0.18609989709491012,0.15029775971263826,0.07317897583234748,0.05338417540514776,0.1681215900233827,0.4709302325581395,0.0,0
10,Sant Martí,68,Poble Nou,0.9984643861451566,0.9945131085677092,0.5834884201819686,0.4015273311897106,0.6868424470710481,0.442303987670969,0.6081582200247219,0.6237631599778358,0.40816712354664897,0.41220212945749535,0.4652049571020019,0.6032995583268381,0.4534883720930233,0.4166666666666667,2
10,Sant Martí,69,Diagonal Mar i Front Marítim del Poblenou,0.9985777731151212,0.9997631755881596,0.2326475048249242,0.6032958199356913,0.33017274970775423,0.147274128298979,0.24687542919928585,0.2556004116203594,0.14935249078362794,0.1561602163258408,0.09723546234509056,0.2277474668745129,0.5813953488372093,0.08333333333333333,0
10,Sant Martí,70,El Besòs i el Maresme,0.9988129205435049,1.0,0.4251619795974635,0.2427652733118971,0.4749967528250422,0.41591215565401657,0.40976514215080345,0.4031504789044566,0.3106153700727857,0.3513604867331418,0.2602478551000953,0.451623798389192,0.6686046511627908,0.0,0
10,Sant Martí,71,Provençals del Poblenou,0.9987398382218878,0.9955952375843912,0.36190377722635786,0.4111736334405144,0.3907000909208988,0.295511462146022,0.3542782584809779,0.3808279901844376,0.29057566877776725,0.2830826432313672,0.19733079122974265,0.3738893219017927,0.5058139534883721,0.08333333333333333,0
10,Sant Martí,72,Sant Martí de Provençals,0.9988500586047724,0.993266020033186,0.4490798180314309,0.2709003215434084,0.4013508247824393,0.35253323059140823,0.369248729570114,0.4550779703949973,0.4179979204083562,0.5644752408315025,0.4032411820781697,0.4217978695765134,0.6104651162790697,0.0,0
10,Sant Martí,73,La Verneda i la Pau,0.9990116727200814,0.9950600912227135,0.4961228287841191,0.22909967845659165,0.4488894661644369,0.4019456752070892,0.3955500618046972,0.4830998179371487,0.4895547783344362,0.62447186074024,0.4051477597712107,0.4573135879449208,0.6337209302325582,0.08333333333333333,0
